300 1200
3 3 3 3 3 3 3 3 3 3 3 3 3 3 3 3 3 3 3 3 3 3 3 3 3 3 3 3 3 3 3 3 3 3 3 3 3 3 3 3 3 3 3 3 3 3 3 3 3 3 3 3 3 3 3 3 3 3 3 3 3 3 3 3 3 3 3 3 3 3 3 3 3 3 3 3 3 3 3 3 3 3 3 3 3 3 3 3 3 3 3 3 3 3 3 3 3 3 3 3 3 3 3 3 3 3 3 3 3 3 3 3 3 3 3 3 3 3 3 3 3 3 3 3 3 3 3 3 3 3 3 3 3 3 3 3 3 3 3 3 3 3 3 3 3 3 3 3 3 3 3 3 3 3 3 3 3 3 3 3 3 3 3 3 3 3 3 3 3 3 3 3 3 3 3 3 3 3 3 3 3 3 3 3 3 3 3 3 3 3 3 3 3 3 3 3 3 3 3 3 3 3 3 3 3 3 3 3 3 3 3 3 3 3 3 3 3 3 3 3 3 3 3 3 3 3 3 3 3 3 3 3 3 3 3 3 3 3 3 3 3 3 3 3 3 3 3 3 3 3 3 3 3 3 3 3 3 3 3 3 3 3 3 3 3 3 3 3 3 3 3 3 3 3 3 3 3 3 3 3 3 3 3 3 3 3 3 3 3 3 3 3 3 3 3 3 3 3 3 3 3 3 3 3 3 3 3 3 3 3 3 3 3 3 3 3 3 3 3 3 3 3 3 3 3 3 3 3 3 3 3 3 3 3 3 3 3 3 3 3 3 3 3 3 3 3 3 3 3 3 3 3 3 3 3 3 3 3 3 3 3 3 3 3 3 3 3 3 3 3 3 3 3 3 3 3 3 3 3 3 3 3 3 3 3 3 3 3 3 3 3 3 3 3 3 3 3 3 3 3 3 3 3 3 3 3 3 3 3 3 3 3 3 3 3 3 3 3 3 3 3 3 3 3 3 3 3 3 3 3 3 3 3 3 3 3 3 3 3 3 3 3 3 3 3 3 3 3 3 3 3 3 3 3 3 3 3 3 3 3 3 3 3 3 3 3 3 3 3 3 3 3 3 3 3 3 3 3 3 3 3 3 3 3 3 3 3 3 3 3 3 3 3 3 3 3 3 3 3 3 3 3 3 3 3 3 3 3 3 3 3 3 3 3 3 3 3 3 3 3 3 3 3 3 3 3 3 3 3 3 3 3 3 3 3 3 3 3 3 3 3 3 3 3 3 3 3 3 3 3 3 3 3 3 3 3 3 3 3 3 3 3 3 3 3 3 3 3 3 3 3 3 3 3 3 3 3 3 3 3 3 3 3 3 3 3 3 3 3 3 3 3 3 3 3 3 3 3 3 3 3 3 3 3 3 3 3 3 3 3 3 3 3 3 3 3 3 3 3 3 3 3 3 3 3 3 3 3 3 3 3 3 3 3 3 3 3 3 3 3 3 3 3 3 3 3 3 3 3 3 3 3 3 3 3 3 3 3 3 3 3 3 3 3 3 3 3 3 3 3 3 3 3 3 3 3 3 3 3 3 3 3 3 3 3 3 3 3 3 3 3 3 3 3 3 3 3 3 3 3 3 3 3 3 3 3 3 3 3 3 3 3 3 3 3 3 3 3 3 3 3 3 3 3 3 3 3 3 3 3 3 3 3 3 3 3 3 3 3 3 3 3 3 3 3 3 3 3 3 3 3 3 3 3 3 3 3 3 3 3 3 3 3 3 3 3 3 3 3 3 3 3 3 3 3 3 3 3 3 3 3 3 3 3 3 3 3 3 3 3 3 3 3 3 3 3 3 3 3 3 3 3 3 3 3 3 3 3 3 3 3 3 3 3 3 3 3 3 3 3 3 3 3 3 3 3 3 3 3 3 3 3 3 3 3 3 3 3 3 3 3 3 3 3 3 3 3 3 3 3 3 3 3 3 3 3 3 3 3 3 3 3 3 3 3 3 3 3 3 3 3 3 3 3 3 3 3 3 3 3 3 3 3 3 3 3 3 3 3 3 3 3 3 3 3 3 3 3 3 3 3 3 3 3 3 3 3 3 3 3 3 3 3 3 3 3 3 3 3 3 3 3 3 3 3 3 3 3 3 3 3 3 3 3 3 3 3 3 3 3 3 3 3 3 3 3 3 3 3 3 3 3 3 3 3 3 3 3 3 3 3 3 3 3 3 3 3 3 3 3 3 3 3 3 3 3 3 3 3 3 3 3 3 3 3 3 3 3 3 3 3 3 3 3 3 3 3 3 3 3 3 3 3 3 3 3 3 3 3 3 3 3 3 3 3 3 3 3 3 3 3 3 3 3 3 3 3 3 3 3 3 3 3 3 3 3 3 3 3 3 3 3 3 3 3 3 3 3 3 3 3 3 3 3 3 3 3 3 3 3 3 3 3 3 3 3 3 3 3 3 3 3 3 3 3 3 3 3 3 3 3 3 3 3 3 3 3 3 3 3 3 3 3 3 3 3 3 3 3 3 3 3 3 3 3 3 3 3 3 3 3 3 3 3 3 3 3 3 3 3 3 3 3 3 3 3 3 3 3 3 3 3 3 3 3 3 3 3 3 3 3 3 3 3 3 3 3 3 3 3 3 3 3 3 3 3 3 3 3 3 3 3 3 3 3 3 3 3 3 3 3 3 3 3 3 3 3 3 3 3 3 3 3 3 3 3 3 3 3 3 3 3 3 3 3 3 3 3 3 3 
12 12 12 12 12 12 12 12 12 12 12 12 12 12 12 12 12 12 12 12 12 12 12 12 12 12 12 12 12 12 12 12 12 12 12 12 12 12 12 12 12 12 12 12 12 12 12 12 12 12 12 12 12 12 12 12 12 12 12 12 12 12 12 12 12 12 12 12 12 12 12 12 12 12 12 12 12 12 12 12 12 12 12 12 12 12 12 12 12 12 12 12 12 12 12 12 12 12 12 12 12 12 12 12 12 12 12 12 12 12 12 12 12 12 12 12 12 12 12 12 12 12 12 12 12 12 12 12 12 12 12 12 12 12 12 12 12 12 12 12 12 12 12 12 12 12 12 12 12 12 12 12 12 12 12 12 12 12 12 12 12 12 12 12 12 12 12 12 12 12 12 12 12 12 12 12 12 12 12 12 12 12 12 12 12 12 12 12 12 12 12 12 12 12 12 12 12 12 12 12 12 12 12 12 12 12 12 12 12 12 12 12 12 12 12 12 12 12 12 12 12 12 12 12 12 12 12 12 12 12 12 12 12 12 12 12 12 12 12 12 12 12 12 12 12 12 12 12 12 12 12 12 12 12 12 12 12 12 12 12 12 12 12 12 12 12 12 12 12 12 12 12 12 12 12 12 12 12 12 12 12 12 12 12 12 12 12 12 12 12 12 12 12 12 12 12 12 12 12 12 
1	101	201
2	102	202
3	103	203
4	104	204
5	105	205
6	106	206
7	107	207
8	108	208
9	109	209
10	110	210
11	111	211
12	112	212
13	113	213
14	114	214
15	115	215
16	116	216
17	117	217
18	118	218
19	119	219
20	120	220
21	121	221
22	122	222
23	123	223
24	124	224
25	125	225
26	126	226
27	127	227
28	128	228
29	129	229
30	130	230
31	131	231
32	132	232
33	133	233
34	134	234
35	135	235
36	136	236
37	137	237
38	138	238
39	139	239
40	140	240
41	141	241
42	142	242
43	143	243
44	144	244
45	145	245
46	146	246
47	147	247
48	148	248
49	149	249
50	150	250
51	151	251
52	152	252
53	153	253
54	154	254
55	155	255
56	156	256
57	157	257
58	158	258
59	159	259
60	160	260
61	161	261
62	162	262
63	163	263
64	164	264
65	165	265
66	166	266
67	167	267
68	168	268
69	169	269
70	170	270
71	171	271
72	172	272
73	173	273
74	174	274
75	175	275
76	176	276
77	177	277
78	178	278
79	179	279
80	180	280
81	181	281
82	182	282
83	183	283
84	184	284
85	185	285
86	186	286
87	187	287
88	188	288
89	189	289
90	190	290
91	191	291
92	192	292
93	193	293
94	194	294
95	195	295
96	196	296
97	197	297
98	198	298
99	199	299
100	200	300
1	142	219
2	184	238
3	125	257
4	167	276
5	108	295
6	150	213
7	192	232
8	133	251
9	175	270
10	116	289
11	158	207
12	200	226
13	141	245
14	183	264
15	124	283
16	166	201
17	107	220
18	149	239
19	191	258
20	132	277
21	174	296
22	115	214
23	157	233
24	199	252
25	140	271
26	182	290
27	123	208
28	165	227
29	106	246
30	148	265
31	190	284
32	131	202
33	173	221
34	114	240
35	156	259
36	198	278
37	139	297
38	181	215
39	122	234
40	164	253
41	105	272
42	147	291
43	189	209
44	130	228
45	172	247
46	113	266
47	155	285
48	197	203
49	138	222
50	180	241
51	121	260
52	163	279
53	104	298
54	146	216
55	188	235
56	129	254
57	171	273
58	112	292
59	154	210
60	196	229
61	137	248
62	179	267
63	120	286
64	162	204
65	103	223
66	145	242
67	187	261
68	128	280
69	170	299
70	111	217
71	153	236
72	195	255
73	136	274
74	178	293
75	119	211
76	161	230
77	102	249
78	144	268
79	186	287
80	127	205
81	169	224
82	110	243
83	152	262
84	194	281
85	135	300
86	177	218
87	118	237
88	160	256
89	101	275
90	143	294
91	185	212
92	126	231
93	168	250
94	109	269
95	151	288
96	193	206
97	134	225
98	176	244
99	117	263
100	159	282
1	120	226
2	140	252
3	160	278
4	180	203
5	200	229
6	119	255
7	139	281
8	159	206
9	179	232
10	199	258
11	118	284
12	138	209
13	158	235
14	178	261
15	198	287
16	117	212
17	137	238
18	157	264
19	177	290
20	197	215
21	116	241
22	136	267
23	156	293
24	176	218
25	196	244
26	115	270
27	135	296
28	155	221
29	175	247
30	195	273
31	114	299
32	134	224
33	154	250
34	174	276
35	194	201
36	113	227
37	133	253
38	153	279
39	173	204
40	193	230
41	112	256
42	132	282
43	152	207
44	172	233
45	192	259
46	111	285
47	131	210
48	151	236
49	171	262
50	191	288
51	110	213
52	130	239
53	150	265
54	170	291
55	190	216
56	109	242
57	129	268
58	149	294
59	169	219
60	189	245
61	108	271
62	128	297
63	148	222
64	168	248
65	188	274
66	107	300
67	127	225
68	147	251
69	167	277
70	187	202
71	106	228
72	126	254
73	146	280
74	166	205
75	186	231
76	105	257
77	125	283
78	145	208
79	165	234
80	185	260
81	104	286
82	124	211
83	144	237
84	164	263
85	184	289
86	103	214
87	123	240
88	143	266
89	163	292
90	183	217
91	102	243
92	122	269
93	142	295
94	162	220
95	182	246
96	101	272
97	121	298
98	141	223
99	161	249
100	181	275
1	139	248
2	178	296
3	116	243
4	155	291
5	194	238
6	132	286
7	171	233
8	109	281
9	148	228
10	187	276
11	125	223
12	164	271
13	102	218
14	141	266
15	180	213
16	118	261
17	157	208
18	196	256
19	134	203
20	173	251
21	111	299
22	150	246
23	189	294
24	127	241
25	166	289
26	104	236
27	143	284
28	182	231
29	120	279
30	159	226
31	198	274
32	136	221
33	175	269
34	113	216
35	152	264
36	191	211
37	129	259
38	168	206
39	106	254
40	145	201
41	184	249
42	122	297
43	161	244
44	200	292
45	138	239
46	177	287
47	115	234
48	154	282
49	193	229
50	131	277
51	170	224
52	108	272
53	147	219
54	186	267
55	124	214
56	163	262
57	101	209
58	140	257
59	179	204
60	117	252
61	156	300
62	195	247
63	133	295
64	172	242
65	110	290
66	149	237
67	188	285
68	126	232
69	165	280
70	103	227
71	142	275
72	181	222
73	119	270
74	158	217
75	197	265
76	135	212
77	174	260
78	112	207
79	151	255
80	190	202
81	128	250
82	167	298
83	105	245
84	144	293
85	183	240
86	121	288
87	160	235
88	199	283
89	137	230
90	176	278
91	114	225
92	153	273
93	192	220
94	130	268
95	169	215
96	107	263
97	146	210
98	185	258
99	123	205
100	162	253
1	140	236
2	180	272
3	119	207
4	159	243
5	199	279
6	138	214
7	178	250
8	117	286
9	157	221
10	197	257
11	136	293
12	176	228
13	115	264
14	155	300
15	195	235
16	134	271
17	174	206
18	113	242
19	153	278
20	193	213
21	132	249
22	172	285
23	111	220
24	151	256
25	191	292
26	130	227
27	170	263
28	109	299
29	149	234
30	189	270
31	128	205
32	168	241
33	107	277
34	147	212
35	187	248
36	126	284
37	166	219
38	105	255
39	145	291
40	185	226
41	124	262
42	164	298
43	103	233
44	143	269
45	183	204
46	122	240
47	162	276
48	101	211
49	141	247
50	181	283
51	120	218
52	160	254
53	200	290
54	139	225
55	179	261
56	118	297
57	158	232
58	198	268
59	137	203
60	177	239
61	116	275
62	156	210
63	196	246
64	135	282
65	175	217
66	114	253
67	154	289
68	194	224
69	133	260
70	173	296
71	112	231
72	152	267
73	192	202
74	131	238
75	171	274
76	110	209
77	150	245
78	190	281
79	129	216
80	169	252
81	108	288
82	148	223
83	188	259
84	127	295
85	167	230
86	106	266
87	146	201
88	186	237
89	125	273
90	165	208
91	104	244
92	144	280
93	184	215
94	123	251
95	163	287
96	102	222
97	142	258
98	182	294
99	121	229
100	161	265
1	146	208
2	192	216
3	137	224
4	183	232
5	128	240
6	174	248
7	119	256
8	165	264
9	110	272
10	156	280
11	101	288
12	147	296
13	193	203
14	138	211
15	184	219
16	129	227
17	175	235
18	120	243
19	166	251
20	111	259
21	157	267
22	102	275
23	148	283
24	194	291
25	139	299
26	185	206
27	130	214
28	176	222
29	121	230
30	167	238
31	112	246
32	158	254
33	103	262
34	149	270
35	195	278
36	140	286
37	186	294
38	131	201
39	177	209
40	122	217
41	168	225
42	113	233
43	159	241
44	104	249
45	150	257
46	196	265
47	141	273
48	187	281
49	132	289
50	178	297
51	123	204
52	169	212
53	114	220
54	160	228
55	105	236
56	151	244
57	197	252
58	142	260
59	188	268
60	133	276
61	179	284
62	124	292
63	170	300
64	115	207
65	161	215
66	106	223
67	152	231
68	198	239
69	143	247
70	189	255
71	134	263
72	180	271
73	125	279
74	171	287
75	116	295
76	162	202
77	107	210
78	153	218
79	199	226
80	144	234
81	190	242
82	135	250
83	181	258
84	126	266
85	172	274
86	117	282
87	163	290
88	108	298
89	154	205
90	200	213
91	145	221
92	191	229
93	136	237
94	182	245
95	127	253
96	173	261
97	118	269
98	164	277
99	109	285
100	155	293
1	110	231
2	120	262
3	130	293
4	140	223
5	150	254
6	160	285
7	170	215
8	180	246
9	190	277
10	200	207
11	109	238
12	119	269
13	129	300
14	139	230
15	149	261
16	159	292
17	169	222
18	179	253
19	189	284
20	199	214
21	108	245
22	118	276
23	128	206
24	138	237
25	148	268
26	158	299
27	168	229
28	178	260
29	188	291
30	198	221
31	107	252
32	117	283
33	127	213
34	137	244
35	147	275
36	157	205
37	167	236
38	177	267
39	187	298
40	197	228
41	106	259
42	116	290
43	126	220
44	136	251
45	146	282
46	156	212
47	166	243
48	176	274
49	186	204
50	196	235
51	105	266
52	115	297
53	125	227
54	135	258
55	145	289
56	155	219
57	165	250
58	175	281
59	185	211
60	195	242
61	104	273
62	114	203
63	124	234
64	134	265
65	144	296
66	154	226
67	164	257
68	174	288
69	184	218
70	194	249
71	103	280
72	113	210
73	123	241
74	133	272
75	143	202
76	153	233
77	163	264
78	173	295
79	183	225
80	193	256
81	102	287
82	112	217
83	122	248
84	132	279
85	142	209
86	152	240
87	162	271
88	172	201
89	182	232
90	192	263
91	101	294
92	111	224
93	121	255
94	131	286
95	141	216
96	151	247
97	161	278
98	171	208
99	181	239
100	191	270
1	117	213
2	134	226
3	151	239
4	168	252
5	185	265
6	101	278
7	118	291
8	135	203
9	152	216
10	169	229
11	186	242
12	102	255
13	119	268
14	136	281
15	153	294
16	170	206
17	187	219
18	103	232
19	120	245
20	137	258
21	154	271
22	171	284
23	188	297
24	104	209
25	121	222
26	138	235
27	155	248
28	172	261
29	189	274
30	105	287
31	122	300
32	139	212
33	156	225
34	173	238
35	190	251
36	106	264
37	123	277
38	140	290
39	157	202
40	174	215
41	191	228
42	107	241
43	124	254
44	141	267
45	158	280
46	175	293
47	192	205
48	108	218
49	125	231
50	142	244
51	159	257
52	176	270
53	193	283
54	109	296
55	126	208
56	143	221
57	160	234
58	177	247
59	194	260
60	110	273
61	127	286
62	144	299
63	161	211
64	178	224
65	195	237
66	111	250
67	128	263
68	145	276
69	162	289
70	179	201
71	196	214
72	112	227
73	129	240
74	146	253
75	163	266
76	180	279
77	197	292
78	113	204
79	130	217
80	147	230
81	164	243
82	181	256
83	198	269
84	114	282
85	131	295
86	148	207
87	165	220
88	182	233
89	199	246
90	115	259
91	132	272
92	149	285
93	166	298
94	183	210
95	200	223
96	116	236
97	133	249
98	150	262
99	167	275
100	184	288
1	114	207
2	128	214
3	142	221
4	156	228
5	170	235
6	184	242
7	198	249
8	111	256
9	125	263
10	139	270
11	153	277
12	167	284
13	181	291
14	195	298
15	108	204
16	122	211
17	136	218
18	150	225
19	164	232
20	178	239
21	192	246
22	105	253
23	119	260
24	133	267
25	147	274
26	161	281
27	175	288
28	189	295
29	102	201
30	116	208
31	130	215
32	144	222
33	158	229
34	172	236
35	186	243
36	200	250
37	113	257
38	127	264
39	141	271
40	155	278
41	169	285
42	183	292
43	197	299
44	110	205
45	124	212
46	138	219
47	152	226
48	166	233
49	180	240
50	194	247
51	107	254
52	121	261
53	135	268
54	149	275
55	163	282
56	177	289
57	191	296
58	104	202
59	118	209
60	132	216
61	146	223
62	160	230
63	174	237
64	188	244
65	101	251
66	115	258
67	129	265
68	143	272
69	157	279
70	171	286
71	185	293
72	199	300
73	112	206
74	126	213
75	140	220
76	154	227
77	168	234
78	182	241
79	196	248
80	109	255
81	123	262
82	137	269
83	151	276
84	165	283
85	179	290
86	193	297
87	106	203
88	120	210
89	134	217
90	148	224
91	162	231
92	176	238
93	190	245
94	103	252
95	117	259
96	131	266
97	145	273
98	159	280
99	173	287
100	187	294
1	128	206
2	156	212
3	184	218
4	111	224
5	139	230
6	167	236
7	195	242
8	122	248
9	150	254
10	178	260
11	105	266
12	133	272
13	161	278
14	189	284
15	116	290
16	144	296
17	172	201
18	200	207
19	127	213
20	155	219
21	183	225
22	110	231
23	138	237
24	166	243
25	194	249
26	121	255
27	149	261
28	177	267
29	104	273
30	132	279
31	160	285
32	188	291
33	115	297
34	143	202
35	171	208
36	199	214
37	126	220
38	154	226
39	182	232
40	109	238
41	137	244
42	165	250
43	193	256
44	120	262
45	148	268
46	176	274
47	103	280
48	131	286
49	159	292
50	187	298
51	114	203
52	142	209
53	170	215
54	198	221
55	125	227
56	153	233
57	181	239
58	108	245
59	136	251
60	164	257
61	192	263
62	119	269
63	147	275
64	175	281
65	102	287
66	130	293
67	158	299
68	186	204
69	113	210
70	141	216
71	169	222
72	197	228
73	124	234
74	152	240
75	180	246
76	107	252
77	135	258
78	163	264
79	191	270
80	118	276
81	146	282
82	174	288
83	101	294
84	129	300
85	157	205
86	185	211
87	112	217
88	140	223
89	168	229
90	196	235
91	123	241
92	151	247
93	179	253
94	106	259
95	134	265
96	162	271
97	190	277
98	117	283
99	145	289
100	173	295
1	124	250
2	148	300
3	172	249
4	196	299
5	119	248
6	143	298
7	167	247
8	191	297
9	114	246
10	138	296
11	162	245
12	186	295
13	109	244
14	133	294
15	157	243
16	181	293
17	104	242
18	128	292
19	152	241
20	176	291
21	200	240
22	123	290
23	147	239
24	171	289
25	195	238
26	118	288
27	142	237
28	166	287
29	190	236
30	113	286
31	137	235
32	161	285
33	185	234
34	108	284
35	132	233
36	156	283
37	180	232
38	103	282
39	127	231
40	151	281
41	175	230
42	199	280
43	122	229
44	146	279
45	170	228
46	194	278
47	117	227
48	141	277
49	165	226
50	189	276
51	112	225
52	136	275
53	160	224
54	184	274
55	107	223
56	131	273
57	155	222
58	179	272
59	102	221
60	126	271
61	150	220
62	174	270
63	198	219
64	121	269
65	145	218
66	169	268
67	193	217
68	116	267
69	140	216
70	164	266
71	188	215
72	111	265
73	135	214
74	159	264
75	183	213
76	106	263
77	130	212
78	154	262
79	178	211
80	101	261
81	125	210
82	149	260
83	173	209
84	197	259
85	120	208
86	144	258
87	168	207
88	192	257
89	115	206
90	139	256
91	163	205
92	187	255
93	110	204
94	134	254
95	158	203
96	182	253
97	105	202
98	129	252
99	153	201
100	177	251
1	132	211
2	164	222
3	196	233
4	127	244
5	159	255
6	191	266
7	122	277
8	154	288
9	186	299
10	117	209
11	149	220
12	181	231
13	112	242
14	144	253
15	176	264
16	107	275
17	139	286
18	171	297
19	102	207
20	134	218
21	166	229
22	198	240
23	129	251
24	161	262
25	193	273
26	124	284
27	156	295
28	188	205
29	119	216
30	151	227
31	183	238
32	114	249
33	146	260
34	178	271
35	109	282
36	141	293
37	173	203
38	104	214
39	136	225
40	168	236
41	200	247
42	131	258
43	163	269
44	195	280
45	126	291
46	158	201
47	190	212
48	121	223
49	153	234
50	185	245
51	116	256
52	148	267
53	180	278
54	111	289
55	143	300
56	175	210
57	106	221
58	138	232
59	170	243
60	101	254
61	133	265
62	165	276
63	197	287
64	128	298
65	160	208
66	192	219
67	123	230
68	155	241
69	187	252
70	118	263
71	150	274
72	182	285
73	113	296
74	145	206
75	177	217
76	108	228
77	140	239
78	172	250
79	103	261
80	135	272
81	167	283
82	199	294
83	130	204
84	162	215
85	194	226
86	125	237
87	157	248
88	189	259
89	120	270
90	152	281
91	184	292
92	115	202
93	147	213
94	179	224
95	110	235
96	142	246
97	174	257
98	105	268
99	137	279
100	169	290
1	101	201	301	401	501	601	701	801	901	1001	1101
2	102	202	302	402	502	602	702	802	902	1002	1102
3	103	203	303	403	503	603	703	803	903	1003	1103
4	104	204	304	404	504	604	704	804	904	1004	1104
5	105	205	305	405	505	605	705	805	905	1005	1105
6	106	206	306	406	506	606	706	806	906	1006	1106
7	107	207	307	407	507	607	707	807	907	1007	1107
8	108	208	308	408	508	608	708	808	908	1008	1108
9	109	209	309	409	509	609	709	809	909	1009	1109
10	110	210	310	410	510	610	710	810	910	1010	1110
11	111	211	311	411	511	611	711	811	911	1011	1111
12	112	212	312	412	512	612	712	812	912	1012	1112
13	113	213	313	413	513	613	713	813	913	1013	1113
14	114	214	314	414	514	614	714	814	914	1014	1114
15	115	215	315	415	515	615	715	815	915	1015	1115
16	116	216	316	416	516	616	716	816	916	1016	1116
17	117	217	317	417	517	617	717	817	917	1017	1117
18	118	218	318	418	518	618	718	818	918	1018	1118
19	119	219	319	419	519	619	719	819	919	1019	1119
20	120	220	320	420	520	620	720	820	920	1020	1120
21	121	221	321	421	521	621	721	821	921	1021	1121
22	122	222	322	422	522	622	722	822	922	1022	1122
23	123	223	323	423	523	623	723	823	923	1023	1123
24	124	224	324	424	524	624	724	824	924	1024	1124
25	125	225	325	425	525	625	725	825	925	1025	1125
26	126	226	326	426	526	626	726	826	926	1026	1126
27	127	227	327	427	527	627	727	827	927	1027	1127
28	128	228	328	428	528	628	728	828	928	1028	1128
29	129	229	329	429	529	629	729	829	929	1029	1129
30	130	230	330	430	530	630	730	830	930	1030	1130
31	131	231	331	431	531	631	731	831	931	1031	1131
32	132	232	332	432	532	632	732	832	932	1032	1132
33	133	233	333	433	533	633	733	833	933	1033	1133
34	134	234	334	434	534	634	734	834	934	1034	1134
35	135	235	335	435	535	635	735	835	935	1035	1135
36	136	236	336	436	536	636	736	836	936	1036	1136
37	137	237	337	437	537	637	737	837	937	1037	1137
38	138	238	338	438	538	638	738	838	938	1038	1138
39	139	239	339	439	539	639	739	839	939	1039	1139
40	140	240	340	440	540	640	740	840	940	1040	1140
41	141	241	341	441	541	641	741	841	941	1041	1141
42	142	242	342	442	542	642	742	842	942	1042	1142
43	143	243	343	443	543	643	743	843	943	1043	1143
44	144	244	344	444	544	644	744	844	944	1044	1144
45	145	245	345	445	545	645	745	845	945	1045	1145
46	146	246	346	446	546	646	746	846	946	1046	1146
47	147	247	347	447	547	647	747	847	947	1047	1147
48	148	248	348	448	548	648	748	848	948	1048	1148
49	149	249	349	449	549	649	749	849	949	1049	1149
50	150	250	350	450	550	650	750	850	950	1050	1150
51	151	251	351	451	551	651	751	851	951	1051	1151
52	152	252	352	452	552	652	752	852	952	1052	1152
53	153	253	353	453	553	653	753	853	953	1053	1153
54	154	254	354	454	554	654	754	854	954	1054	1154
55	155	255	355	455	555	655	755	855	955	1055	1155
56	156	256	356	456	556	656	756	856	956	1056	1156
57	157	257	357	457	557	657	757	857	957	1057	1157
58	158	258	358	458	558	658	758	858	958	1058	1158
59	159	259	359	459	559	659	759	859	959	1059	1159
60	160	260	360	460	560	660	760	860	960	1060	1160
61	161	261	361	461	561	661	761	861	961	1061	1161
62	162	262	362	462	562	662	762	862	962	1062	1162
63	163	263	363	463	563	663	763	863	963	1063	1163
64	164	264	364	464	564	664	764	864	964	1064	1164
65	165	265	365	465	565	665	765	865	965	1065	1165
66	166	266	366	466	566	666	766	866	966	1066	1166
67	167	267	367	467	567	667	767	867	967	1067	1167
68	168	268	368	468	568	668	768	868	968	1068	1168
69	169	269	369	469	569	669	769	869	969	1069	1169
70	170	270	370	470	570	670	770	870	970	1070	1170
71	171	271	371	471	571	671	771	871	971	1071	1171
72	172	272	372	472	572	672	772	872	972	1072	1172
73	173	273	373	473	573	673	773	873	973	1073	1173
74	174	274	374	474	574	674	774	874	974	1074	1174
75	175	275	375	475	575	675	775	875	975	1075	1175
76	176	276	376	476	576	676	776	876	976	1076	1176
77	177	277	377	477	577	677	777	877	977	1077	1177
78	178	278	378	478	578	678	778	878	978	1078	1178
79	179	279	379	479	579	679	779	879	979	1079	1179
80	180	280	380	480	580	680	780	880	980	1080	1180
81	181	281	381	481	581	681	781	881	981	1081	1181
82	182	282	382	482	582	682	782	882	982	1082	1182
83	183	283	383	483	583	683	783	883	983	1083	1183
84	184	284	384	484	584	684	784	884	984	1084	1184
85	185	285	385	485	585	685	785	885	985	1085	1185
86	186	286	386	486	586	686	786	886	986	1086	1186
87	187	287	387	487	587	687	787	887	987	1087	1187
88	188	288	388	488	588	688	788	888	988	1088	1188
89	189	289	389	489	589	689	789	889	989	1089	1189
90	190	290	390	490	590	690	790	890	990	1090	1190
91	191	291	391	491	591	691	791	891	991	1091	1191
92	192	292	392	492	592	692	792	892	992	1092	1192
93	193	293	393	493	593	693	793	893	993	1093	1193
94	194	294	394	494	594	694	794	894	994	1094	1194
95	195	295	395	495	595	695	795	895	995	1095	1195
96	196	296	396	496	596	696	796	896	996	1096	1196
97	197	297	397	497	597	697	797	897	997	1097	1197
98	198	298	398	498	598	698	798	898	998	1098	1198
99	199	299	399	499	599	699	799	899	999	1099	1199
100	200	300	400	500	600	700	800	900	1000	1100	1200
1	189	296	357	448	511	691	706	865	983	1080	1160
2	177	291	313	496	522	681	712	829	965	1059	1119
3	165	286	370	443	533	671	718	894	947	1038	1179
4	153	281	326	491	544	661	724	858	929	1017	1138
5	141	276	383	438	555	651	730	822	911	1097	1198
6	129	271	339	486	566	641	736	887	994	1076	1157
7	117	266	396	433	577	631	742	851	976	1055	1116
8	105	261	352	481	588	621	748	815	958	1034	1176
9	194	256	308	428	599	611	754	880	940	1013	1135
10	182	251	365	476	509	601	760	844	922	1093	1195
11	170	246	321	423	520	692	766	808	904	1072	1154
12	158	241	378	471	531	682	772	873	987	1051	1113
13	146	236	334	418	542	672	778	837	969	1030	1173
14	134	231	391	466	553	662	784	801	951	1009	1132
15	122	226	347	413	564	652	790	866	933	1089	1192
16	110	221	303	461	575	642	796	830	915	1068	1151
17	199	216	360	408	586	632	701	895	998	1047	1110
18	187	211	316	456	597	622	707	859	980	1026	1170
19	175	206	373	403	507	612	713	823	962	1005	1129
20	163	201	329	451	518	602	719	888	944	1085	1189
21	151	297	386	499	529	693	725	852	926	1064	1148
22	139	292	342	446	540	683	731	816	908	1043	1107
23	127	287	399	494	551	673	737	881	991	1022	1167
24	115	282	355	441	562	663	743	845	973	1001	1126
25	103	277	311	489	573	653	749	809	955	1081	1186
26	192	272	368	436	584	643	755	874	937	1060	1145
27	180	267	324	484	595	633	761	838	919	1039	1104
28	168	262	381	431	505	623	767	802	901	1018	1164
29	156	257	337	479	516	613	773	867	984	1098	1123
30	144	252	394	426	527	603	779	831	966	1077	1183
31	132	247	350	474	538	694	785	896	948	1056	1142
32	120	242	306	421	549	684	791	860	930	1035	1101
33	108	237	363	469	560	674	797	824	912	1014	1161
34	197	232	319	416	571	664	702	889	995	1094	1120
35	185	227	376	464	582	654	708	853	977	1073	1180
36	173	222	332	411	593	644	714	817	959	1052	1139
37	161	217	389	459	503	634	720	882	941	1031	1199
38	149	212	345	406	514	624	726	846	923	1010	1158
39	137	207	301	454	525	614	732	810	905	1090	1117
40	125	202	358	401	536	604	738	875	988	1069	1177
41	113	298	314	449	547	695	744	839	970	1048	1136
42	101	293	371	497	558	685	750	803	952	1027	1196
43	190	288	327	444	569	675	756	868	934	1006	1155
44	178	283	384	492	580	665	762	832	916	1086	1114
45	166	278	340	439	591	655	768	897	999	1065	1174
46	154	273	397	487	501	645	774	861	981	1044	1133
47	142	268	353	434	512	635	780	825	963	1023	1193
48	130	263	309	482	523	625	786	890	945	1002	1152
49	118	258	366	429	534	615	792	854	927	1082	1111
50	106	253	322	477	545	605	798	818	909	1061	1171
51	195	248	379	424	556	696	703	883	992	1040	1130
52	183	243	335	472	567	686	709	847	974	1019	1190
53	171	238	392	419	578	676	715	811	956	1099	1149
54	159	233	348	467	589	666	721	876	938	1078	1108
55	147	228	304	414	600	656	727	840	920	1057	1168
56	135	223	361	462	510	646	733	804	902	1036	1127
57	123	218	317	409	521	636	739	869	985	1015	1187
58	111	213	374	457	532	626	745	833	967	1095	1146
59	200	208	330	404	543	616	751	898	949	1074	1105
60	188	203	387	452	554	606	757	862	931	1053	1165
61	176	299	343	500	565	697	763	826	913	1032	1124
62	164	294	400	447	576	687	769	891	996	1011	1184
63	152	289	356	495	587	677	775	855	978	1091	1143
64	140	284	312	442	598	667	781	819	960	1070	1102
65	128	279	369	490	508	657	787	884	942	1049	1162
66	116	274	325	437	519	647	793	848	924	1028	1121
67	104	269	382	485	530	637	799	812	906	1007	1181
68	193	264	338	432	541	627	704	877	989	1087	1140
69	181	259	395	480	552	617	710	841	971	1066	1200
70	169	254	351	427	563	607	716	805	953	1045	1159
71	157	249	307	475	574	698	722	870	935	1024	1118
72	145	244	364	422	585	688	728	834	917	1003	1178
73	133	239	320	470	596	678	734	899	1000	1083	1137
74	121	234	377	417	506	668	740	863	982	1062	1197
75	109	229	333	465	517	658	746	827	964	1041	1156
76	198	224	390	412	528	648	752	892	946	1020	1115
77	186	219	346	460	539	638	758	856	928	1100	1175
78	174	214	302	407	550	628	764	820	910	1079	1134
79	162	209	359	455	561	618	770	885	993	1058	1194
80	150	204	315	402	572	608	776	849	975	1037	1153
81	138	300	372	450	583	699	782	813	957	1016	1112
82	126	295	328	498	594	689	788	878	939	1096	1172
83	114	290	385	445	504	679	794	842	921	1075	1131
84	102	285	341	493	515	669	800	806	903	1054	1191
85	191	280	398	440	526	659	705	871	986	1033	1150
86	179	275	354	488	537	649	711	835	968	1012	1109
87	167	270	310	435	548	639	717	900	950	1092	1169
88	155	265	367	483	559	629	723	864	932	1071	1128
89	143	260	323	430	570	619	729	828	914	1050	1188
90	131	255	380	478	581	609	735	893	997	1029	1147
91	119	250	336	425	592	700	741	857	979	1008	1106
92	107	245	393	473	502	690	747	821	961	1088	1166
93	196	240	349	420	513	680	753	886	943	1067	1125
94	184	235	305	468	524	670	759	850	925	1046	1185
95	172	230	362	415	535	660	765	814	907	1025	1144
96	160	225	318	463	546	650	771	879	990	1004	1103
97	148	220	375	410	557	640	777	843	972	1084	1163
98	136	215	331	458	568	630	783	807	954	1063	1122
99	124	210	388	405	579	620	789	872	936	1042	1182
100	112	205	344	453	590	610	795	836	918	1021	1141
1	116	235	340	487	538	688	770	829	917	1099	1146
2	132	270	380	473	576	675	739	858	934	1097	1192
3	148	204	319	459	513	662	708	887	951	1095	1137
4	164	239	359	445	551	649	778	815	968	1093	1183
5	180	274	399	431	589	636	747	844	985	1091	1128
6	196	208	338	417	526	623	716	873	901	1089	1174
7	111	243	378	403	564	610	786	801	918	1087	1119
8	127	278	317	490	501	698	755	830	935	1085	1165
9	143	212	357	476	539	685	724	859	952	1083	1110
10	159	247	397	462	577	672	794	888	969	1081	1156
11	175	282	336	448	514	659	763	816	986	1079	1101
12	191	216	376	434	552	646	732	845	902	1077	1147
13	106	251	315	420	590	633	701	874	919	1075	1193
14	122	286	355	406	527	620	771	802	936	1073	1138
15	138	220	395	493	565	607	740	831	953	1071	1184
16	154	255	334	479	502	695	709	860	970	1069	1129
17	170	290	374	465	540	682	779	889	987	1067	1175
18	186	224	313	451	578	669	748	817	903	1065	1120
19	101	259	353	437	515	656	717	846	920	1063	1166
20	117	294	393	423	553	643	787	875	937	1061	1111
21	133	228	332	409	591	630	756	803	954	1059	1157
22	149	263	372	496	528	617	725	832	971	1057	1102
23	165	298	311	482	566	604	795	861	988	1055	1148
24	181	232	351	468	503	692	764	890	904	1053	1194
25	197	267	391	454	541	679	733	818	921	1051	1139
26	112	201	330	440	579	666	702	847	938	1049	1185
27	128	236	370	426	516	653	772	876	955	1047	1130
28	144	271	309	412	554	640	741	804	972	1045	1176
29	160	205	349	499	592	627	710	833	989	1043	1121
30	176	240	389	485	529	614	780	862	905	1041	1167
31	192	275	328	471	567	601	749	891	922	1039	1112
32	107	209	368	457	504	689	718	819	939	1037	1158
33	123	244	307	443	542	676	788	848	956	1035	1103
34	139	279	347	429	580	663	757	877	973	1033	1149
35	155	213	387	415	517	650	726	805	990	1031	1195
36	171	248	326	401	555	637	796	834	906	1029	1140
37	187	283	366	488	593	624	765	863	923	1027	1186
38	102	217	305	474	530	611	734	892	940	1025	1131
39	118	252	345	460	568	699	703	820	957	1023	1177
40	134	287	385	446	505	686	773	849	974	1021	1122
41	150	221	324	432	543	673	742	878	991	1019	1168
42	166	256	364	418	581	660	711	806	907	1017	1113
43	182	291	303	404	518	647	781	835	924	1015	1159
44	198	225	343	491	556	634	750	864	941	1013	1104
45	113	260	383	477	594	621	719	893	958	1011	1150
46	129	295	322	463	531	608	789	821	975	1009	1196
47	145	229	362	449	569	696	758	850	992	1007	1141
48	161	264	301	435	506	683	727	879	908	1005	1187
49	177	299	341	421	544	670	797	807	925	1003	1132
50	193	233	381	407	582	657	766	836	942	1001	1178
51	108	268	320	494	519	644	735	865	959	1100	1123
52	124	202	360	480	557	631	704	894	976	1098	1169
53	140	237	400	466	595	618	774	822	993	1096	1114
54	156	272	339	452	532	605	743	851	909	1094	1160
55	172	206	379	438	570	693	712	880	926	1092	1105
56	188	241	318	424	507	680	782	808	943	1090	1151
57	103	276	358	410	545	667	751	837	960	1088	1197
58	119	210	398	497	583	654	720	866	977	1086	1142
59	135	245	337	483	520	641	790	895	994	1084	1188
60	151	280	377	469	558	628	759	823	910	1082	1133
61	167	214	316	455	596	615	728	852	927	1080	1179
62	183	249	356	441	533	602	798	881	944	1078	1124
63	199	284	396	427	571	690	767	809	961	1076	1170
64	114	218	335	413	508	677	736	838	978	1074	1115
65	130	253	375	500	546	664	705	867	995	1072	1161
66	146	288	314	486	584	651	775	896	911	1070	1106
67	162	222	354	472	521	638	744	824	928	1068	1152
68	178	257	394	458	559	625	713	853	945	1066	1198
69	194	292	333	444	597	612	783	882	962	1064	1143
70	109	226	373	430	534	700	752	810	979	1062	1189
71	125	261	312	416	572	687	721	839	996	1060	1134
72	141	296	352	402	509	674	791	868	912	1058	1180
73	157	230	392	489	547	661	760	897	929	1056	1125
74	173	265	331	475	585	648	729	825	946	1054	1171
75	189	300	371	461	522	635	799	854	963	1052	1116
76	104	234	310	447	560	622	768	883	980	1050	1162
77	120	269	350	433	598	609	737	811	997	1048	1107
78	136	203	390	419	535	697	706	840	913	1046	1153
79	152	238	329	405	573	684	776	869	930	1044	1199
80	168	273	369	492	510	671	745	898	947	1042	1144
81	184	207	308	478	548	658	714	826	964	1040	1190
82	200	242	348	464	586	645	784	855	981	1038	1135
83	115	277	388	450	523	632	753	884	998	1036	1181
84	131	211	327	436	561	619	722	812	914	1034	1126
85	147	246	367	422	599	606	792	841	931	1032	1172
86	163	281	306	408	536	694	761	870	948	1030	1117
87	179	215	346	495	574	681	730	899	965	1028	1163
88	195	250	386	481	511	668	800	827	982	1026	1108
89	110	285	325	467	549	655	769	856	999	1024	1154
90	126	219	365	453	587	642	738	885	915	1022	1200
91	142	254	304	439	524	629	707	813	932	1020	1145
92	158	289	344	425	562	616	777	842	949	1018	1191
93	174	223	384	411	600	603	746	871	966	1016	1136
94	190	258	323	498	537	691	715	900	983	1014	1182
95	105	293	363	484	575	678	785	828	1000	1012	1127
96	121	227	302	470	512	665	754	857	916	1010	1173
97	137	262	342	456	550	652	723	886	933	1008	1118
98	153	297	382	442	588	639	793	814	950	1006	1164
99	169	231	321	428	525	626	762	843	967	1004	1109
100	185	266	361	414	563	613	731	872	984	1002	1155
0  0  0  0  0  0  0  0  0  0  0  0  0  0  0  0  0  0  0  0  0  0  0  0  0  0  0  0  0  0  0  0  0  0  0  0  0  0  0  0  0  0  0  0  0  0  0  0  0  0  0  0  0  0  0  0  0  0  0  0  0  0  0  0  0  0  0  0  0  0  0  0  0  0  0  0  0  0  0  0  0  0  0  0  0  0  0  0  0  0  0  0  0  0  0  0  0  0  0  0  0  0  0  0  0  0  0  0  0  0  0  0  0  0  0  0  0  0  0  0  0  0  0  0  0  0  0  0  0  0  0  0  0  0  0  0  0  0  0  0  0  0  0  0  0  0  0  0  0  0  0  0  0  0  0  0  0  0  0  0  0  0  0  0  0  0  0  0  0  0  0  0  0  0  0  0  0  0  0  0  0  0  0  0  0  0  0  0  0  0  0  0  0  0  0  0  0  0  0  0  0  0  0  0  0  0  0  0  0  0  0  0  0  0  0  0  0  0  0  0  0  0  0  0  0  0  0  0  0  0  0  0  0  0  0  0  0  0  0  0  0  0  0  0  0  0  0  0  0  0  0  0  0  0  0  0  0  0  0  0  0  0  0  0  0  0  0  0  0  0  0  0  0  0  0  0  0  0  0  0  0  0  0  0  0  0  0  0  0  0  0  0  0  0  0  0  0  0  0  0  1  1  1  1  1  1  1  1  1  1  1  1  1  1  1  1  1  1  1  1  1  1  1  1  1  1  1  1  1  1  1  1  1  1  1  1  1  1  1  1  1  1  1  1  1  1  1  1  1  1  1  1  1  1  1  1  1  1  1  1  1  1  1  1  1  1  1  1  1  1  1  1  1  1  1  1  1  1  1  1  1  1  1  1  1  1  1  1  1  1  1  1  1  1  1  1  1  1  1  1  1  1  1  1  1  1  1  1  1  1  1  1  1  1  1  1  1  1  1  1  1  1  1  1  1  1  1  1  1  1  1  1  1  1  1  1  1  1  1  1  1  1  1  1  1  1  1  1  1  1  1  1  1  1  1  1  1  1  1  1  1  1  1  1  1  1  1  1  1  1  1  1  1  1  1  1  1  1  1  1  1  1  1  1  1  1  1  1  1  1  1  1  1  1  1  1  1  1  1  1  1  1  1  1  1  1  1  1  1  1  1  1  1  1  1  1  1  1  1  1  1  1  1  1  1  1  1  1  1  1  1  1  1  1  1  1  1  1  1  1  1  1  1  1  1  1  1  1  1  1  1  1  1  1  1  1  1  1  1  1  1  1  1  1  1  1  1  1  1  1  1  1  1  1  1  1  1  1  1  1  1  1  1  1  1  1  1  1  1  1  1  1  1  1  1  1  1  1  1  1  2  2  2  2  2  2  2  2  2  2  2  2  2  2  2  2  2  2  2  2  2  2  2  2  2  2  2  2  2  2  2  2  2  2  2  2  2  2  2  2  2  2  2  2  2  2  2  2  2  2  2  2  2  2  2  2  2  2  2  2  2  2  2  2  2  2  2  2  2  2  2  2  2  2  2  2  2  2  2  2  2  2  2  2  2  2  2  2  2  2  2  2  2  2  2  2  2  2  2  2  2  2  2  2  2  2  2  2  2  2  2  2  2  2  2  2  2  2  2  2  2  2  2  2  2  2  2  2  2  2  2  2  2  2  2  2  2  2  2  2  2  2  2  2  2  2  2  2  2  2  2  2  2  2  2  2  2  2  2  2  2  2  2  2  2  2  2  2  2  2  2  2  2  2  2  2  2  2  2  2  2  2  2  2  2  2  2  2  2  2  2  2  2  2  2  2  2  2  2  2  2  2  2  2  2  2  2  2  2  2  2  2  2  2  2  2  2  2  2  2  2  2  2  2  2  2  2  2  2  2  2  2  2  2  2  2  2  2  2  2  2  2  2  2  2  2  2  2  2  2  2  2  2  2  2  2  2  2  2  2  2  2  2  2  2  2  2  2  2  2  2  2  2  2  2  2  2  2  2  2  2  2  2  2  2  2  2  2  2  2  2  2  2  2  2  2  2  2  2  2  3  3  3  3  3  3  3  3  3  3  3  3  3  3  3  3  3  3  3  3  3  3  3  3  3  3  3  3  3  3  3  3  3  3  3  3  3  3  3  3  3  3  3  3  3  3  3  3  3  3  3  3  3  3  3  3  3  3  3  3  3  3  3  3  3  3  3  3  3  3  3  3  3  3  3  3  3  3  3  3  3  3  3  3  3  3  3  3  3  3  3  3  3  3  3  3  3  3  3  3  3  3  3  3  3  3  3  3  3  3  3  3  3  3  3  3  3  3  3  3  3  3  3  3  3  3  3  3  3  3  3  3  3  3  3  3  3  3  3  3  3  3  3  3  3  3  3  3  3  3  3  3  3  3  3  3  3  3  3  3  3  3  3  3  3  3  3  3  3  3  3  3  3  3  3  3  3  3  3  3  3  3  3  3  3  3  3  3  3  3  3  3  3  3  3  3  3  3  3  3  3  3  3  3  3  3  3  3  3  3  3  3  3  3  3  3  3  3  3  3  3  3  3  3  3  3  3  3  3  3  3  3  3  3  3  3  3  3  3  3  3  3  3  3  3  3  3  3  3  3  3  3  3  3  3  3  3  3  3  3  3  3  3  3  3  3  3  3  3  3  3  3  3  3  3  3  3  3  3  3  3  3  3  3  3  3  3  3  3  3  3  3  3  3  3  3  3  3  3  3  4  4  4  4  4  4  4  4  4  4  4  4  4  4  4  4  4  4  4  4  4  4  4  4  4  4  4  4  4  4  4  4  4  4  4  4  4  4  4  4  4  4  4  4  4  4  4  4  4  4  4  4  4  4  4  4  4  4  4  4  4  4  4  4  4  4  4  4  4  4  4  4  4  4  4  4  4  4  4  4  4  4  4  4  4  4  4  4  4  4  4  4  4  4  4  4  4  4  4  4  4  4  4  4  4  4  4  4  4  4  4  4  4  4  4  4  4  4  4  4  4  4  4  4  4  4  4  4  4  4  4  4  4  4  4  4  4  4  4  4  4  4  4  4  4  4  4  4  4  4  4  4  4  4  4  4  4  4  4  4  4  4  4  4  4  4  4  4  4  4  4  4  4  4  4  4  4  4  4  4  4  4  4  4  4  4  4  4  4  4  4  4  4  4  4  4  4  4  4  4  4  4  4  4  4  4  4  4  4  4  4  4  4  4  4  4  4  4  4  4  4  4  4  4  4  4  4  4  4  4  4  4  4  4  4  4  4  4  4  4  4  4  4  4  4  4  4  4  4  4  4  4  4  4  4  4  4  4  4  4  4  4  4  4  4  4  4  4  4  4  4  4  4  4  4  4  4  4  4  4  4  4  4  4  4  4  4  4  4  4  4  4  4  4  4  4  4  4  4  4  5  5  5  5  5  5  5  5  5  5  5  5  5  5  5  5  5  5  5  5  5  5  5  5  5  5  5  5  5  5  5  5  5  5  5  5  5  5  5  5  5  5  5  5  5  5  5  5  5  5  5  5  5  5  5  5  5  5  5  5  5  5  5  5  5  5  5  5  5  5  5  5  5  5  5  5  5  5  5  5  5  5  5  5  5  5  5  5  5  5  5  5  5  5  5  5  5  5  5  5  5  5  5  5  5  5  5  5  5  5  5  5  5  5  5  5  5  5  5  5  5  5  5  5  5  5  5  5  5  5  5  5  5  5  5  5  5  5  5  5  5  5  5  5  5  5  5  5  5  5  5  5  5  5  5  5  5  5  5  5  5  5  5  5  5  5  5  5  5  5  5  5  5  5  5  5  5  5  5  5  5  5  5  5  5  5  5  5  5  5  5  5  5  5  5  5  5  5  5  5  5  5  5  5  5  5  5  5  5  5  5  5  5  5  5  5  5  5  5  5  5  5  5  5  5  5  5  5  5  5  5  5  5  5  5  5  5  5  5  5  5  5  5  5  5  5  5  5  5  5  5  5  5  5  5  5  5  5  5  5  5  5  5  5  5  5  5  5  5  5  5  5  5  5  5  5  5  5  5  5  5  5  5  5  5  5  5  5  5  5  5  5  5  5  5  5  5  5  5  5  6  6  6  6  6  6  6  6  6  6  6  6  6  6  6  6  6  6  6  6  6  6  6  6  6  6  6  6  6  6  6  6  6  6  6  6  6  6  6  6  6  6  6  6  6  6  6  6  6  6  6  6  6  6  6  6  6  6  6  6  6  6  6  6  6  6  6  6  6  6  6  6  6  6  6  6  6  6  6  6  6  6  6  6  6  6  6  6  6  6  6  6  6  6  6  6  6  6  6  6  6  6  6  6  6  6  6  6  6  6  6  6  6  6  6  6  6  6  6  6  6  6  6  6  6  6  6  6  6  6  6  6  6  6  6  6  6  6  6  6  6  6  6  6  6  6  6  6  6  6  6  6  6  6  6  6  6  6  6  6  6  6  6  6  6  6  6  6  6  6  6  6  6  6  6  6  6  6  6  6  6  6  6  6  6  6  6  6  6  6  6  6  6  6  6  6  6  6  6  6  6  6  6  6  6  6  6  6  6  6  6  6  6  6  6  6  6  6  6  6  6  6  6  6  6  6  6  6  6  6  6  6  6  6  6  6  6  6  6  6  6  6  6  6  6  6  6  6  6  6  6  6  6  6  6  6  6  6  6  6  6  6  6  6  6  6  6  6  6  6  6  6  6  6  6  6  6  6  6  6  6  6  6  6  6  6  6  6  6  6  6  6  6  6  6  6  6  6  6  6  7  7  7  7  7  7  7  7  7  7  7  7  7  7  7  7  7  7  7  7  7  7  7  7  7  7  7  7  7  7  7  7  7  7  7  7  7  7  7  7  7  7  7  7  7  7  7  7  7  7  7  7  7  7  7  7  7  7  7  7  7  7  7  7  7  7  7  7  7  7  7  7  7  7  7  7  7  7  7  7  7  7  7  7  7  7  7  7  7  7  7  7  7  7  7  7  7  7  7  7  7  7  7  7  7  7  7  7  7  7  7  7  7  7  7  7  7  7  7  7  7  7  7  7  7  7  7  7  7  7  7  7  7  7  7  7  7  7  7  7  7  7  7  7  7  7  7  7  7  7  7  7  7  7  7  7  7  7  7  7  7  7  7  7  7  7  7  7  7  7  7  7  7  7  7  7  7  7  7  7  7  7  7  7  7  7  7  7  7  7  7  7  7  7  7  7  7  7  7  7  7  7  7  7  7  7  7  7  7  7  7  7  7  7  7  7  7  7  7  7  7  7  7  7  7  7  7  7  7  7  7  7  7  7  7  7  7  7  7  7  7  7  7  7  7  7  7  7  7  7  7  7  7  7  7  7  7  7  7  7  7  7  7  7  7  7  7  7  7  7  7  7  7  7  7  7  7  7  7  7  7  7  7  7  7  7  7  7  7  7  7  7  7  7  7  7  7  7  7  7  8  8  8  8  8  8  8  8  8  8  8  8  8  8  8  8  8  8  8  8  8  8  8  8  8  8  8  8  8  8  8  8  8  8  8  8  8  8  8  8  8  8  8  8  8  8  8  8  8  8  8  8  8  8  8  8  8  8  8  8  8  8  8  8  8  8  8  8  8  8  8  8  8  8  8  8  8  8  8  8  8  8  8  8  8  8  8  8  8  8  8  8  8  8  8  8  8  8  8  8  8  8  8  8  8  8  8  8  8  8  8  8  8  8  8  8  8  8  8  8  8  8  8  8  8  8  8  8  8  8  8  8  8  8  8  8  8  8  8  8  8  8  8  8  8  8  8  8  8  8  8  8  8  8  8  8  8  8  8  8  8  8  8  8  8  8  8  8  8  8  8  8  8  8  8  8  8  8  8  8  8  8  8  8  8  8  8  8  8  8  8  8  8  8  8  8  8  8  8  8  8  8  8  8  8  8  8  8  8  8  8  8  8  8  8  8  8  8  8  8  8  8  8  8  8  8  8  8  8  8  8  8  8  8  8  8  8  8  8  8  8  8  8  8  8  8  8  8  8  8  8  8  8  8  8  8  8  8  8  8  8  8  8  8  8  8  8  8  8  8  8  8  8  8  8  8  8  8  8  8  8  8  8  8  8  8  8  8  8  8  8  8  8  8  8  8  8  8  8  8  9  9  9  9  9  9  9  9  9  9  9  9  9  9  9  9  9  9  9  9  9  9  9  9  9  9  9  9  9  9  9  9  9  9  9  9  9  9  9  9  9  9  9  9  9  9  9  9  9  9  9  9  9  9  9  9  9  9  9  9  9  9  9  9  9  9  9  9  9  9  9  9  9  9  9  9  9  9  9  9  9  9  9  9  9  9  9  9  9  9  9  9  9  9  9  9  9  9  9  9  9  9  9  9  9  9  9  9  9  9  9  9  9  9  9  9  9  9  9  9  9  9  9  9  9  9  9  9  9  9  9  9  9  9  9  9  9  9  9  9  9  9  9  9  9  9  9  9  9  9  9  9  9  9  9  9  9  9  9  9  9  9  9  9  9  9  9  9  9  9  9  9  9  9  9  9  9  9  9  9  9  9  9  9  9  9  9  9  9  9  9  9  9  9  9  9  9  9  9  9  9  9  9  9  9  9  9  9  9  9  9  9  9  9  9  9  9  9  9  9  9  9  9  9  9  9  9  9  9  9  9  9  9  9  9  9  9  9  9  9  9  9  9  9  9  9  9  9  9  9  9  9  9  9  9  9  9  9  9  9  9  9  9  9  9  9  9  9  9  9  9  9  9  9  9  9  9  9  9  9  9  9  9  9  9  9  9  9  9  9  9  9  9  9  9  9  9  9  9  9  10  10  10  10  10  10  10  10  10  10  10  10  10  10  10  10  10  10  10  10  10  10  10  10  10  10  10  10  10  10  10  10  10  10  10  10  10  10  10  10  10  10  10  10  10  10  10  10  10  10  10  10  10  10  10  10  10  10  10  10  10  10  10  10  10  10  10  10  10  10  10  10  10  10  10  10  10  10  10  10  10  10  10  10  10  10  10  10  10  10  10  10  10  10  10  10  10  10  10  10  10  10  10  10  10  10  10  10  10  10  10  10  10  10  10  10  10  10  10  10  10  10  10  10  10  10  10  10  10  10  10  10  10  10  10  10  10  10  10  10  10  10  10  10  10  10  10  10  10  10  10  10  10  10  10  10  10  10  10  10  10  10  10  10  10  10  10  10  10  10  10  10  10  10  10  10  10  10  10  10  10  10  10  10  10  10  10  10  10  10  10  10  10  10  10  10  10  10  10  10  10  10  10  10  10  10  10  10  10  10  10  10  10  10  10  10  10  10  10  10  10  10  10  10  10  10  10  10  10  10  10  10  10  10  10  10  10  10  10  10  10  10  10  10  10  10  10  10  10  10  10  10  10  10  10  10  10  10  10  10  10  10  10  10  10  10  10  10  10  10  10  10  10  10  10  10  10  10  10  10  10  10  10  10  10  10  10  10  10  10  10  10  10  10  10  10  10  10  10  10  11  11  11  11  11  11  11  11  11  11  11  11  11  11  11  11  11  11  11  11  11  11  11  11  11  11  11  11  11  11  11  11  11  11  11  11  11  11  11  11  11  11  11  11  11  11  11  11  11  11  11  11  11  11  11  11  11  11  11  11  11  11  11  11  11  11  11  11  11  11  11  11  11  11  11  11  11  11  11  11  11  11  11  11  11  11  11  11  11  11  11  11  11  11  11  11  11  11  11  11  11  11  11  11  11  11  11  11  11  11  11  11  11  11  11  11  11  11  11  11  11  11  11  11  11  11  11  11  11  11  11  11  11  11  11  11  11  11  11  11  11  11  11  11  11  11  11  11  11  11  11  11  11  11  11  11  11  11  11  11  11  11  11  11  11  11  11  11  11  11  11  11  11  11  11  11  11  11  11  11  11  11  11  11  11  11  11  11  11  11  11  11  11  11  11  11  11  11  11  11  11  11  11  11  11  11  11  11  11  11  11  11  11  11  11  11  11  11  11  11  11  11  11  11  11  11  11  11  11  11  11  11  11  11  11  11  11  11  11  11  11  11  11  11  11  11  11  11  11  11  11  11  11  11  11  11  11  11  11  11  11  11  11  11  11  11  11  11  11  11  11  11  11  11  11  11  11  11  11  11  11  11  11  11  11  11  11  11  11  11  11  11  11  11  11  11  11  11  11  11  
0  0  0  0  0  0  0  0  0  0  0  0  0  0  0  0  0  0  0  0  0  0  0  0  0  0  0  0  0  0  0  0  0  0  0  0  0  0  0  0  0  0  0  0  0  0  0  0  0  0  0  0  0  0  0  0  0  0  0  0  0  0  0  0  0  0  0  0  0  0  0  0  0  0  0  0  0  0  0  0  0  0  0  0  0  0  0  0  0  0  0  0  0  0  0  0  0  0  0  0  0  0  0  0  0  0  0  0  0  0  0  0  0  0  0  0  0  0  0  0  0  0  0  0  0  0  0  0  0  0  0  0  0  0  0  0  0  0  0  0  0  0  0  0  0  0  0  0  0  0  0  0  0  0  0  0  0  0  0  0  0  0  0  0  0  0  0  0  0  0  0  0  0  0  0  0  0  0  0  0  0  0  0  0  0  0  0  0  0  0  0  0  0  0  0  0  0  0  0  0  0  0  0  0  0  0  0  0  0  0  0  0  0  0  0  0  0  0  0  0  0  0  0  0  0  0  0  0  0  0  0  0  0  0  0  0  0  0  0  0  0  0  0  0  0  0  0  0  0  0  0  0  0  0  0  0  0  0  0  0  0  0  0  0  0  0  0  0  0  0  0  0  0  0  0  0  0  0  0  0  0  0  0  0  0  0  0  0  0  0  0  0  0  0  0  0  0  0  0  0  0  0  0  0  0  0  0  0  0  0  0  0  0  0  0  0  0  0  0  0  0  0  0  0  0  0  0  0  0  0  0  0  0  0  0  0  0  0  0  0  0  0  0  0  0  0  0  0  0  0  0  0  0  0  0  0  0  0  0  0  0  0  0  0  0  0  0  0  0  0  0  0  0  0  0  0  0  0  0  0  0  0  0  0  0  0  0  0  0  0  0  0  0  0  0  0  0  0  0  0  0  0  0  0  0  0  0  0  0  0  0  0  0  0  0  0  0  0  0  0  0  0  0  0  0  0  0  0  0  0  0  0  0  0  0  0  0  0  0  0  0  0  0  0  0  0  0  0  0  0  0  0  0  0  0  0  0  0  0  0  0  0  0  0  0  0  0  0  0  0  0  0  0  0  0  0  0  0  0  0  0  0  0  0  0  0  0  0  0  0  0  0  0  0  0  0  0  0  0  0  0  0  0  0  0  0  0  0  0  0  0  0  0  0  0  0  0  0  0  0  0  0  0  0  0  0  0  0  0  0  0  0  0  0  0  0  0  0  0  0  0  0  0  0  0  0  0  0  0  0  0  0  0  0  0  0  0  0  0  0  0  0  0  0  0  0  0  0  0  0  0  0  0  0  0  0  0  0  0  0  0  0  0  0  0  0  0  0  0  0  0  0  0  0  0  0  0  0  0  0  0  0  0  0  0  0  0  0  0  0  0  0  0  0  0  0  0  0  0  0  0  0  0  0  0  0  0  0  0  0  0  0  0  0  0  0  0  0  0  0  0  0  0  0  0  0  0  0  0  0  0  0  0  0  0  0  0  0  0  0  0  0  0  0  0  0  0  0  0  0  0  0  0  0  0  0  0  0  0  0  0  0  0  0  0  0  0  0  0  0  0  0  0  0  0  0  0  0  0  0  0  0  0  0  0  0  0  0  0  0  0  0  0  0  0  0  0  0  0  0  0  0  0  0  0  0  0  0  0  0  0  0  0  0  0  0  0  0  0  0  0  0  0  0  0  0  0  0  0  0  0  0  0  0  0  0  0  0  0  0  0  0  0  0  0  0  0  0  0  0  0  0  0  0  0  0  0  0  0  0  0  0  0  0  0  0  0  0  0  0  0  0  0  0  0  0  0  0  0  0  0  0  0  0  0  0  0  0  0  0  0  0  0  0  0  0  0  0  0  0  0  0  0  0  0  0  0  0  0  0  0  0  0  0  0  0  0  0  0  0  0  0  0  0  0  0  0  0  0  0  0  0  0  0  0  0  0  0  0  0  0  0  0  0  0  0  0  0  0  0  0  0  0  0  0  0  0  0  0  0  0  0  0  0  0  0  0  0  0  0  0  0  0  0  0  0  0  0  0  0  0  0  0  0  0  0  0  0  0  0  0  0  0  0  0  0  0  0  0  0  0  0  0  0  0  0  0  0  0  0  0  0  0  0  0  0  0  0  0  0  0  0  0  0  0  0  0  0  0  0  0  0  0  0  0  0  0  0  0  0  0  0  0  0  0  0  0  0  0  0  0  0  0  0  0  0  0  0  0  0  0  0  0  0  0  0  0  0  0  0  0  0  0  0  0  0  0  0  0  0  0  0  0  0  0  0  0  0  0  0  0  0  0  0  0  0  0  0  0  0  0  0  0  0  0  0  0  0  0  0  0  0  0  0  0  0  0  0  0  0  0  0  0  0  0  0  0  0  0  0  0  0  0  0  0  0  0  0  0  0  0  0  0  0  0  0  0  0  0  0  0  0  0  0  0  0  0  0  0  0  0  0  0  0  0  0  0  0  0  0  0  0  0  0  0  0  0  0  0  0  0  0  0  0  0  0  0  0  0  0  0  0  0  0  0  0  0  0  0  0  0  0  0  0  0  0  0  0  0  0  0  0  0  0  0  0  0  0  0  0  0  0  0  0  0  0  0  0  0  0  0  0  0  0  0  0  0  0  0  0  0  0  0  0  0  0  0  0  0  0  0  0  0  0  0  0  0  0  0  0  0  0  0  0  0  0  0  0  0  0  0  0  0  0  0  0  0  0  0  0  1  1  1  1  1  1  1  1  1  1  1  1  1  1  1  1  1  1  1  1  1  1  1  1  1  1  1  1  1  1  1  1  1  1  1  1  1  1  1  1  1  1  1  1  1  1  1  1  1  1  1  1  1  1  1  1  1  1  1  1  1  1  1  1  1  1  1  1  1  1  1  1  1  1  1  1  1  1  1  1  1  1  1  1  1  1  1  1  1  1  1  1  1  1  1  1  1  1  1  1  1  1  1  1  1  1  1  1  1  1  1  1  1  1  1  1  1  1  1  1  1  1  1  1  1  1  1  1  1  1  1  1  1  1  1  1  1  1  1  1  1  1  1  1  1  1  1  1  1  1  1  1  1  1  1  1  1  1  1  1  1  1  1  1  1  1  1  1  1  1  1  1  1  1  1  1  1  1  1  1  1  1  1  1  1  1  1  1  1  1  1  1  1  1  1  1  1  1  1  1  1  1  1  1  1  1  1  1  1  1  1  1  1  1  1  1  1  1  1  1  1  1  1  1  1  1  1  1  1  1  1  1  1  1  1  1  1  1  1  1  1  1  1  1  1  1  1  1  1  1  1  1  1  1  1  1  1  1  1  1  1  1  1  1  1  1  1  1  1  1  1  1  1  1  1  1  1  1  1  1  1  1  1  1  1  1  1  1  1  1  1  1  1  1  1  1  1  1  1  1  1  1  1  1  1  1  1  1  1  1  1  1  1  1  1  1  1  1  1  1  1  1  1  1  1  1  1  1  1  1  1  1  1  1  1  1  1  1  1  1  1  1  1  1  1  1  1  1  1  1  1  1  1  1  1  1  1  1  1  1  1  1  1  1  1  1  1  1  1  1  1  1  1  1  1  1  1  1  1  1  1  1  1  1  1  1  1  1  1  1  1  1  1  1  1  1  1  1  1  1  1  1  1  1  1  1  1  1  1  1  1  1  1  1  1  1  1  1  1  1  1  1  1  1  1  1  1  1  1  1  1  1  1  1  1  1  1  1  1  1  1  1  1  1  1  1  1  1  1  1  1  1  1  1  1  1  1  1  1  1  1  1  1  1  1  1  1  1  1  1  1  1  1  1  1  1  1  1  1  1  1  1  1  1  1  1  1  1  1  1  1  1  1  1  1  1  1  1  1  1  1  1  1  1  1  1  1  1  1  1  1  1  1  1  1  1  1  1  1  1  1  1  1  1  1  1  1  1  1  1  1  1  1  1  1  1  1  1  1  1  1  1  1  1  1  1  1  1  1  1  1  1  1  1  1  1  1  1  1  1  1  1  1  1  1  1  1  1  1  1  1  1  1  1  1  1  1  1  1  1  1  1  1  1  1  1  1  1  1  1  1  1  1  1  1  1  1  1  1  1  1  1  1  1  1  1  1  1  1  1  1  1  1  1  1  1  1  1  1  1  1  1  1  1  1  1  1  1  1  1  1  1  1  1  1  1  1  1  1  1  1  1  1  1  1  1  1  1  1  1  1  1  1  1  1  1  1  1  1  1  1  1  1  1  1  1  1  1  1  1  1  1  1  1  1  1  1  1  1  1  1  1  1  1  1  1  1  1  1  1  1  1  1  1  1  1  1  1  1  1  1  1  1  1  1  1  1  1  1  1  1  1  1  1  1  1  1  1  1  1  1  1  1  1  1  1  1  1  1  1  1  1  1  1  1  1  1  1  1  1  1  1  1  1  1  1  1  1  1  1  1  1  1  1  1  1  1  1  1  1  1  1  1  1  1  1  1  1  1  1  1  1  1  1  1  1  1  1  1  1  1  1  1  1  1  1  1  1  1  1  1  1  1  1  1  1  1  1  1  1  1  1  1  1  1  1  1  1  1  1  1  1  1  1  1  1  1  1  1  1  1  1  1  1  1  1  1  1  1  1  1  1  1  1  1  1  1  1  1  1  1  1  1  1  1  1  1  1  1  1  1  1  1  1  1  1  1  1  1  1  1  1  1  1  1  1  1  1  1  1  1  1  1  1  1  1  1  1  1  1  1  1  1  1  1  1  1  1  1  1  1  1  1  1  1  1  1  1  1  1  1  1  1  1  1  1  1  1  1  1  1  1  1  1  1  1  1  1  1  1  1  1  1  1  1  1  1  1  1  1  1  1  1  1  1  1  1  1  1  1  1  1  1  1  1  1  1  1  1  1  1  1  1  1  1  1  1  1  1  1  1  1  1  1  1  1  1  1  1  1  1  1  1  1  1  1  1  1  1  1  1  1  1  1  1  1  1  1  1  1  1  1  1  1  1  1  1  1  1  1  1  1  1  1  1  1  1  1  1  1  1  1  1  1  1  1  1  1  1  1  1  1  1  1  1  1  1  1  1  1  1  1  1  1  1  1  1  1  1  1  1  1  1  1  1  1  1  1  1  1  1  1  1  1  1  1  1  1  1  1  1  1  1  1  1  1  1  1  1  1  1  1  1  1  1  1  1  1  1  1  1  1  1  1  1  1  1  1  1  1  1  1  1  1  1  1  1  1  1  1  1  1  1  1  1  1  1  1  1  1  1  1  1  1  1  1  1  1  1  1  1  1  1  1  1  1  1  1  1  1  1  1  1  1  1  1  1  1  1  1  1  1  1  1  1  1  1  1  1  1  1  1  1  1  1  1  1  1  1  1  1  1  1  1  1  1  1  1  1  1  1  1  1  1  1  1  1  1  1  1  1  1  1  1  1  1  1  1  1  1  1  1  1  1  1  1  1  1  1  1  2  2  2  2  2  2  2  2  2  2  2  2  2  2  2  2  2  2  2  2  2  2  2  2  2  2  2  2  2  2  2  2  2  2  2  2  2  2  2  2  2  2  2  2  2  2  2  2  2  2  2  2  2  2  2  2  2  2  2  2  2  2  2  2  2  2  2  2  2  2  2  2  2  2  2  2  2  2  2  2  2  2  2  2  2  2  2  2  2  2  2  2  2  2  2  2  2  2  2  2  2  2  2  2  2  2  2  2  2  2  2  2  2  2  2  2  2  2  2  2  2  2  2  2  2  2  2  2  2  2  2  2  2  2  2  2  2  2  2  2  2  2  2  2  2  2  2  2  2  2  2  2  2  2  2  2  2  2  2  2  2  2  2  2  2  2  2  2  2  2  2  2  2  2  2  2  2  2  2  2  2  2  2  2  2  2  2  2  2  2  2  2  2  2  2  2  2  2  2  2  2  2  2  2  2  2  2  2  2  2  2  2  2  2  2  2  2  2  2  2  2  2  2  2  2  2  2  2  2  2  2  2  2  2  2  2  2  2  2  2  2  2  2  2  2  2  2  2  2  2  2  2  2  2  2  2  2  2  2  2  2  2  2  2  2  2  2  2  2  2  2  2  2  2  2  2  2  2  2  2  2  2  2  2  2  2  2  2  2  2  2  2  2  2  2  2  2  2  2  2  2  2  2  2  2  2  2  2  2  2  2  2  2  2  2  2  2  2  2  2  2  2  2  2  2  2  2  2  2  2  2  2  2  2  2  2  2  2  2  2  2  2  2  2  2  2  2  2  2  2  2  2  2  2  2  2  2  2  2  2  2  2  2  2  2  2  2  2  2  2  2  2  2  2  2  2  2  2  2  2  2  2  2  2  2  2  2  2  2  2  2  2  2  2  2  2  2  2  2  2  2  2  2  2  2  2  2  2  2  2  2  2  2  2  2  2  2  2  2  2  2  2  2  2  2  2  2  2  2  2  2  2  2  2  2  2  2  2  2  2  2  2  2  2  2  2  2  2  2  2  2  2  2  2  2  2  2  2  2  2  2  2  2  2  2  2  2  2  2  2  2  2  2  2  2  2  2  2  2  2  2  2  2  2  2  2  2  2  2  2  2  2  2  2  2  2  2  2  2  2  2  2  2  2  2  2  2  2  2  2  2  2  2  2  2  2  2  2  2  2  2  2  2  2  2  2  2  2  2  2  2  2  2  2  2  2  2  2  2  2  2  2  2  2  2  2  2  2  2  2  2  2  2  2  2  2  2  2  2  2  2  2  2  2  2  2  2  2  2  2  2  2  2  2  2  2  2  2  2  2  2  2  2  2  2  2  2  2  2  2  2  2  2  2  2  2  2  2  2  2  2  2  2  2  2  2  2  2  2  2  2  2  2  2  2  2  2  2  2  2  2  2  2  2  2  2  2  2  2  2  2  2  2  2  2  2  2  2  2  2  2  2  2  2  2  2  2  2  2  2  2  2  2  2  2  2  2  2  2  2  2  2  2  2  2  2  2  2  2  2  2  2  2  2  2  2  2  2  2  2  2  2  2  2  2  2  2  2  2  2  2  2  2  2  2  2  2  2  2  2  2  2  2  2  2  2  2  2  2  2  2  2  2  2  2  2  2  2  2  2  2  2  2  2  2  2  2  2  2  2  2  2  2  2  2  2  2  2  2  2  2  2  2  2  2  2  2  2  2  2  2  2  2  2  2  2  2  2  2  2  2  2  2  2  2  2  2  2  2  2  2  2  2  2  2  2  2  2  2  2  2  2  2  2  2  2  2  2  2  2  2  2  2  2  2  2  2  2  2  2  2  2  2  2  2  2  2  2  2  2  2  2  2  2  2  2  2  2  2  2  2  2  2  2  2  2  2  2  2  2  2  2  2  2  2  2  2  2  2  2  2  2  2  2  2  2  2  2  2  2  2  2  2  2  2  2  2  2  2  2  2  2  2  2  2  2  2  2  2  2  2  2  2  2  2  2  2  2  2  2  2  2  2  2  2  2  2  2  2  2  2  2  2  2  2  2  2  2  2  2  2  2  2  2  2  2  2  2  2  2  2  2  2  2  2  2  2  2  2  2  2  2  2  2  2  2  2  2  2  2  2  2  2  2  2  2  2  2  2  2  2  2  2  2  2  2  2  2  2  2  2  2  2  2  2  2  2  2  2  2  2  2  2  2  2  2  2  2  2  2  2  2  2  2  2  2  2  2  2  2  2  2  2  2  2  2  2  2  2  2  2  2  2  2  2  2  2  2  2  2  2  2  2  2  2  2  2  2  2  2  2  2  2  2  2  2  2  2  2  2  2  2  2  2  2  2  2  2  2  2  2  2  2  2  2  2  2  2  2  2  2  2  2  2  2  2  2  2  2  2  2  2  2  2  2  2  2  2  2  2  2  2  2  2  2  2  2  2  2  2  2  2  2  2  2  2  2  2  2  2  2  2  2  2  2  2  2  2  2  2  2  2  2  2  2  2  2  2  2  2  2  2  2  2  2  2  2  2  2  2  2  2  2  2  2  2  2  2  2  2  2  2  2  2  2  2  2  2  2  2  2  2  2  2  2  2  2  2  2  2  2  2  2  2  2  2  2  2  2  2  2  2  2  2  2  2  2  2  2  2  2  2  2  2  2  2  2  2  2  2  2  2  2  2  2  2  2  2  2  2  2  2  2  2  2  2  2  2  2  2  2  2  2  2  2  2  2  2  2  2  